1588;20390.872;0.3143;0.6599;23.59;22.54;6566;7197;0.92;1.000;0.833;397;2026-04-21T00:49:51.350+02:00;-1.954;3.478;-39.217;-2.637;1.485;-35.009;;S
1589;20400.872;0.3143;0.6599;17.50;22.54;5089;7197;0.83;0.667;1.000;398;2026-04-21T00:49:51.361+02:00;-1.812;3.857;-38.472;-2.637;1.485;-35.009;;S
1590;20410.922;0.2904;0.6424;17.50;49.75;5089;11599;1.00;1.000;1.000;398;2026-04-21T00:49:51.370+02:00;-1.812;3.857;-38.472;-2.616;1.505;-34.943;;S
1591;20420.930;0.2286;0.6032;13.00;49.75;3848;11599;0.83;0.667;1.000;398;2026-04-21T00:49:51.380+02:00;-1.826;3.875;-38.440;-2.616;1.505;-34.943;;S        
1592;20430.934;0.2282;0.6049;13.00;56.87;3848;12641;1.00;1.000;1.000;398;2026-04-21T00:49:51.389+02:00;-1.826;3.875;-38.440;-2.616;1.505;-34.943;;S
1593;20440.970;0.2248;0.6013;13.86;56.87;3902;12641;0.75;0.500;1.000;399;2026-04-21T00:49:51.400+02:00;-1.914;3.431;-39.224;-2.616;1.505;-34.943;;FB
1594;20450.897;0.2586;0.5909;13.86;33.25;3902;9638;1.00;1.000;1.000;399;2026-04-21T00:49:51.409+02:00;-1.914;3.431;-39.224;-2.614;1.477;-34.946;;FEx0.225y0.601d0.011
1595;20460.985;0.2546;0.5755;11.59;33.25;3369;9638;0.75;0.500;1.000;399;2026-04-21T00:49:51.420+02:00;-1.956;3.562;-38.887;-2.614;1.477;-34.946;;S
1596;20470.931;0.2449;0.5708;11.59;19.22;3369;6282;1.00;1.000;1.000;399;2026-04-21T00:49:51.431+02:00;-1.956;3.562;-38.887;-2.611;1.491;-34.904;;S
1597;20480.999;0.2964;0.5207;11.97;19.22;3473;6282;0.75;0.500;1.000;400;2026-04-21T00:49:51.442+02:00;-1.965;3.489;-38.871;-2.611;1.491;-34.904;;S
1598;20490.937;0.3080;0.5129;11.97;15.54;3473;5215;1.00;1.000;1.000;400;2026-04-21T00:49:51.450+02:00;-1.965;3.489;-38.871;-2.614;1.441;-34.959;;S
1599;20500.948;0.3224;0.5120;13.24;15.54;3848;5215;0.75;0.500;1.000;400;2026-04-21T00:49:51.460+02:00;-1.955;3.485;-38.722;-2.614;1.441;-34.959;;S
1600;20511.029;0.3412;0.5236;13.24;12.00;3848;4095;1.00;1.000;1.000;400;2026-04-21T00:49:51.470+02:00;-1.955;3.485;-38.722;-2.599;1.449;-34.929;;S
1601;20521.016;0.3542;0.5370;13.41;12.00;3793;4095;0.75;0.500;1.000;401;2026-04-21T00:49:51.481+02:00;-1.941;3.209;-39.175;-2.599;1.449;-34.929;;S
1602;20531.113;0.3621;0.5535;13.41;9.21;3793;3179;1.00;1.000;1.000;401;2026-04-21T00:49:51.491+02:00;-1.941;3.209;-39.175;-2.615;1.412;-34.983;;S
1603;20540.939;0.3663;0.5700;13.06;9.21;3685;3179;0.75;0.500;1.000;401;2026-04-21T00:49:51.500+02:00;-1.941;3.209;-39.175;-2.615;1.412;-34.983;;S
1604;20551.049;0.3725;0.5629;13.06;12.42;3685;4219;0.92;1.000;0.833;401;2026-04-21T00:49:51.510+02:00;-1.941;3.209;-39.175;-2.631;1.442;-34.975;;S
1605;20561.206;0.3784;0.5559;13.63;12.42;3848;4219;0.75;0.500;1.000;402;2026-04-21T00:49:51.523+02:00;-1.941;3.209;-39.175;-2.631;1.442;-34.975;;S
1606;20570.926;0.3809;0.5567;13.63;11.99;3848;4112;1.00;1.000;1.000;402;2026-04-21T00:49:51.533+02:00;-1.941;3.209;-39.175;-2.596;1.434;-34.910;;FB        
1607;20581.086;0.3823;0.5598;13.70;11.99;3793;4112;0.75;0.500;1.000;402;2026-04-21T00:49:51.541+02:00;-1.905;3.033;-39.491;-2.596;1.434;-34.910;;
1608;20590.982;0.3830;0.5569;13.70;12.18;3793;4095;1.00;1.000;1.000;402;2026-04-21T00:49:51.552+02:00;-1.905;3.033;-39.491;-2.576;1.306;-35.089;;
1609;20600.992;0.3840;0.5540;13.24;12.18;3793;4095;0.75;0.500;1.000;403;2026-04-21T00:49:51.561+02:00;-1.905;3.316;-38.921;-2.576;1.306;-35.089;;
1610;20610.930;0.3871;0.5602;13.24;9.78;3793;3325;0.92;1.000;0.833;403;2026-04-21T00:49:51.570+02:00;-1.905;3.316;-38.921;-2.589;1.285;-35.109;;FEx0.382y0.557d0.039
1611;20621.050;0.3881;0.5701;13.60;9.78;3848;3325;0.75;0.500;1.000;403;2026-04-21T00:49:51.579+02:00;-1.922;3.228;-39.085;-2.589;1.285;-35.109;;S
1612;20630.963;0.3879;0.5671;13.60;11.82;3848;3999;0.92;1.000;0.833;403;2026-04-21T00:49:51.590+02:00;-1.922;3.228;-39.085;-2.550;1.248;-35.044;;S
1613;20640.956;0.3866;0.5653;13.52;11.82;3848;3999;0.67;0.500;0.833;404;2026-04-21T00:49:51.601+02:00;-1.929;3.245;-39.004;-2.550;1.248;-35.044;;S
1614;20651.044;0.3896;0.5629;13.52;11.44;3848;3847;0.92;1.000;0.833;404;2026-04-21T00:49:51.610+02:00;-1.929;3.245;-39.004;-2.583;1.216;-35.090;;FB
1615;20660.957;0.3926;0.5621;13.75;11.44;3903;3847;0.67;0.500;0.833;404;2026-04-21T00:49:51.620+02:00;-1.929;3.245;-39.004;-2.583;1.216;-35.090;;
1616;20671.059;0.3934;0.5591;13.75;11.45;3903;3847;0.92;1.000;0.833;404;2026-04-21T00:49:51.629+02:00;-1.929;3.245;-39.004;-2.583;1.216;-35.090;;
1617;20680.985;0.4193;0.6459;7.12;11.45;4071;3847;0.58;0.333;0.833;405;2026-04-21T00:49:51.642+02:00;-5.539;7.622;-27.058;-2.583;1.216;-35.090;;
1618;20691.033;0.5583;0.7583;7.12;14.87;4071;4959;0.92;1.000;0.833;405;2026-04-21T00:49:51.650+02:00;-5.539;7.622;-27.058;-2.550;1.248;-35.044;;FEx0.397y0.577d0.040
1619;20701.006;0.6606;0.7757;14.13;14.87;3956;4959;0.67;0.500;0.833;405;2026-04-21T00:49:51.660+02:00;-1.604;3.014;-39.309;-2.550;1.248;-35.044;;S
1620;20711.110;0.6606;0.7757;14.13;12.94;3956;4335;1.00;1.000;1.000;405;2026-04-21T00:49:51.670+02:00;-1.604;3.014;-39.309;-1.791;1.268;-35.215;;S
1621;20721.158;0.7188;0.7325;13.89;12.94;3845;4335;0.75;0.500;1.000;406;2026-04-21T00:49:51.682+02:00;-0.919;2.673;-39.532;-1.791;1.268;-35.215;;S
1622;20731.055;0.8423;0.6840;13.89;14.25;3845;4759;0.92;1.000;0.833;406;2026-04-21T00:49:51.690+02:00;-0.919;2.673;-39.532;-1.425;1.331;-35.207;;S
1623;20741.000;0.6711;0.7297;7.09;14.25;3899;4759;0.67;0.333;1.000;406;2026-04-21T00:49:51.701+02:00;-0.096;10.937;-27.772;-1.425;1.331;-35.207;;S
1624;20751.078;0.6483;0.6980;7.09;15.24;3899;5146;0.92;1.000;0.833;406;2026-04-21T00:49:51.710+02:00;-0.096;10.937;-27.772;-1.468;1.459;-35.022;;S
1625;20761.045;0.6267;0.6982;6.79;15.24;3789;5146;0.67;0.333;1.000;407;2026-04-21T00:49:51.722+02:00;-0.103;11.121;-27.559;-1.468;1.459;-35.022;;FB        
1626;20771.005;0.6214;0.6787;6.79;15.36;3789;5146;0.92;1.000;0.833;407;2026-04-21T00:49:51.729+02:00;-0.103;11.121;-27.559;-1.472;1.402;-35.087;;
1627;20781.004;0.5934;0.6906;6.90;15.36;3789;5146;0.67;0.333;1.000;407;2026-04-21T00:49:51.739+02:00;-0.091;10.988;-27.776;-1.472;1.402;-35.087;;
1628;20791.002;0.5878;0.6736;6.90;16.41;3789;5466;1.00;1.000;1.000;407;2026-04-21T00:49:51.749+02:00;-0.091;10.988;-27.776;-1.477;1.389;-35.103;;
1629;20801.020;0.5629;0.6853;6.54;16.41;3684;5466;0.67;0.333;1.000;408;2026-04-21T00:49:51.759+02:00;-0.054;11.116;-27.558;-1.477;1.389;-35.103;;
1630;20811.038;0.5590;0.6735;6.54;15.75;3684;5268;1.00;1.000;1.000;408;2026-04-21T00:49:51.769+02:00;-0.054;11.116;-27.558;-1.476;1.397;-35.091;;
1631;20821.044;0.5338;0.6920;6.53;15.75;3684;5268;0.67;0.333;1.000;408;2026-04-21T00:49:51.779+02:00;-0.060;11.059;-27.609;-1.476;1.397;-35.091;;
1632;20831.077;0.5348;0.6778;6.53;16.47;3684;5471;1.00;1.000;1.000;408;2026-04-21T00:49:51.790+02:00;-0.060;11.059;-27.609;-1.491;1.340;-35.177;;
1633;20841.054;0.5201;0.6870;6.42;16.47;3629;5471;0.67;0.333;1.000;409;2026-04-21T00:49:51.800+02:00;-0.108;11.064;-27.610;-1.491;1.340;-35.177;;
1634;20851.035;0.5209;0.6779;6.42;16.24;3629;5404;1.00;1.000;1.000;409;2026-04-21T00:49:51.810+02:00;-0.108;11.064;-27.610;-1.500;1.334;-35.163;;
1635;20861.023;0.5060;0.6898;6.22;16.24;3523;5404;0.67;0.333;1.000;409;2026-04-21T00:49:51.820+02:00;-0.109;11.070;-27.555;-1.500;1.334;-35.163;;
1636;20871.075;0.5134;0.6738;6.22;15.56;3523;5212;1.00;1.000;1.000;409;2026-04-21T00:49:51.830+02:00;-0.109;11.070;-27.555;-1.518;1.348;-35.096;;
1637;20881.116;0.4948;0.6922;5.98;15.56;3368;5212;0.67;0.333;1.000;410;2026-04-21T00:49:51.839+02:00;-0.108;11.064;-27.610;-1.518;1.348;-35.096;;
1638;20891.081;0.5017;0.6761;5.98;14.88;3368;4959;1.00;1.000;1.000;410;2026-04-21T00:49:51.849+02:00;-0.108;11.064;-27.610;-1.497;1.286;-35.153;;
1639;20901.130;0.4861;0.6890;5.63;14.88;3217;4959;0.67;0.333;1.000;410;2026-04-21T00:49:51.860+02:00;-0.108;11.064;-27.610;-1.497;1.286;-35.153;;
1640;20911.092;0.4900;0.6817;5.63;14.53;3217;4838;1.00;1.000;1.000;410;2026-04-21T00:49:51.870+02:00;-0.108;11.064;-27.610;-1.512;1.233;-35.233;;
1641;20921.095;0.4757;0.6987;4.87;14.53;2827;4838;0.67;0.333;1.000;411;2026-04-21T00:49:51.882+02:00;-0.108;11.064;-27.610;-1.512;1.233;-35.233;;
1642;20931.159;0.4878;0.6778;4.87;13.54;2827;4529;1.00;1.000;1.000;411;2026-04-21T00:49:51.891+02:00;-0.108;11.064;-27.610;-1.508;1.257;-35.174;;
1643;20941.122;0.4743;0.6897;5.22;13.54;2970;4529;0.67;0.333;1.000;411;2026-04-21T00:49:51.901+02:00;-0.108;11.064;-27.610;-1.508;1.257;-35.174;;
1644;20951.176;0.4779;0.6790;5.22;13.60;2970;4533;1.00;1.000;1.000;411;2026-04-21T00:49:51.910+02:00;-0.108;11.064;-27.610;-1.511;1.255;-35.199;;
1645;20961.130;0.4691;0.6856;4.81;13.60;2779;4533;0.67;0.333;1.000;412;2026-04-21T00:49:51.922+02:00;-0.108;11.064;-27.610;-1.511;1.255;-35.199;;
1646;20971.098;0.4764;0.6730;4.81;13.17;2779;4415;1.00;1.000;1.000;412;2026-04-21T00:49:51.931+02:00;-0.108;11.064;-27.610;-1.520;1.294;-35.158;;
1647;20981.100;0.4659;0.6832;4.74;13.17;2686;4415;0.67;0.333;1.000;412;2026-04-21T00:49:51.939+02:00;-0.145;10.934;-27.829;-1.520;1.294;-35.158;;
1648;20991.105;0.4785;0.6648;4.74;12.53;2686;4182;1.00;1.000;1.000;412;2026-04-21T00:49:51.949+02:00;-0.145;10.934;-27.829;-1.513;1.239;-35.244;;
1649;21001.124;0.4627;0.6818;4.48;12.53;2551;4182;0.67;0.333;1.000;413;2026-04-21T00:49:51.960+02:00;-0.145;10.934;-27.829;-1.513;1.239;-35.244;;
1650;21011.080;0.4714;0.6704;4.48;12.15;2551;4071;1.00;1.000;1.000;413;2026-04-21T00:49:51.970+02:00;-0.145;10.934;-27.829;-1.533;1.252;-35.200;;
1651;21021.143;0.4587;0.6855;4.36;12.15;2502;4071;0.67;0.333;1.000;413;2026-04-21T00:49:51.980+02:00;-0.145;10.942;-27.772;-1.533;1.252;-35.200;;
1652;21031.107;0.4673;0.6726;4.36;11.81;2502;3902;1.00;1.000;1.000;413;2026-04-21T00:49:51.989+02:00;-0.145;10.942;-27.772;-1.540;1.075;-35.407;;
1653;21041.168;0.4538;0.6872;4.15;11.81;2373;3902;0.67;0.333;1.000;414;2026-04-21T00:49:52.000+02:00;-0.145;10.942;-27.771;-1.540;1.075;-35.407;;
1654;21051.172;0.4593;0.6802;4.15;11.40;2373;3792;1.00;1.000;1.000;414;2026-04-21T00:49:52.010+02:00;-0.145;10.942;-27.771;-1.547;1.102;-35.343;;
1655;21061.111;0.4512;0.6901;3.98;11.40;2328;3792;0.67;0.333;1.000;414;2026-04-21T00:49:52.020+02:00;-0.157;11.075;-27.555;-1.547;1.102;-35.343;;
1656;21071.100;0.4599;0.6785;3.98;11.25;2328;3738;1.00;1.000;1.000;414;2026-04-21T00:49:52.029+02:00;-0.157;11.075;-27.555;-1.547;1.102;-35.343;;
1657;21081.168;0.4462;0.6943;3.79;11.25;2203;3738;0.67;0.333;1.000;415;2026-04-21T00:49:52.040+02:00;-0.157;11.075;-27.555;-1.547;1.102;-35.343;;
1658;21091.093;0.4588;0.6758;3.79;10.90;2203;3631;1.00;1.000;1.000;415;2026-04-21T00:49:52.050+02:00;-0.157;11.075;-27.555;-1.545;1.118;-35.297;;
1659;21101.148;0.4464;0.6875;4.24;10.90;2375;3631;0.67;0.333;1.000;415;2026-04-21T00:49:52.060+02:00;-0.182;10.811;-27.993;-1.545;1.118;-35.297;;
1660;21111.167;0.4533;0.6775;4.24;10.80;2375;3577;1.00;1.000;1.000;415;2026-04-21T00:49:52.070+02:00;-0.182;10.811;-27.993;-1.538;1.062;-35.383;;
1661;21121.140;0.4239;0.7154;4.11;10.80;2290;3577;0.67;0.333;1.000;416;2026-04-21T00:49:52.082+02:00;-0.034;10.788;-28.051;-1.538;1.062;-35.383;;FEx0.499y0.681d0.361
1662;21131.189;0.3875;0.7631;4.11;11.30;2290;3738;1.00;1.000;1.000;416;2026-04-21T00:49:52.090+02:00;-0.034;10.788;-28.051;-1.208;1.148;-35.393;;S
1663;21141.202;0.3703;0.7922;3.99;11.30;2248;3738;0.67;0.333;1.000;416;2026-04-21T00:49:52.099+02:00;0.045;10.864;-27.823;-1.208;1.148;-35.393;;S
1664;21151.167;0.3588;0.8069;3.99;10.87;2248;3578;1.00;1.000;1.000;416;2026-04-21T00:49:52.110+02:00;0.045;10.864;-27.823;-1.221;1.056;-35.489;;FB
1665;21161.119;0.3552;0.8129;3.90;10.87;2165;3578;0.67;0.333;1.000;417;2026-04-21T00:49:52.120+02:00;0.009;10.731;-28.046;-1.221;1.056;-35.489;;
1666;21171.132;0.3780;0.7854;3.90;10.56;2165;3473;1.00;1.000;1.000;417;2026-04-21T00:49:52.129+02:00;0.009;10.731;-28.046;-1.221;1.056;-35.489;;
1667;21181.168;0.3802;0.7826;3.81;10.56;2124;3473;0.67;0.333;1.000;417;2026-04-21T00:49:52.140+02:00;0.009;10.731;-28.046;-1.221;1.056;-35.489;;
1668;21191.118;0.3966;0.7630;3.81;10.40;2124;3420;1.00;1.000;1.000;417;2026-04-21T00:49:52.149+02:00;0.009;10.731;-28.046;-1.210;1.068;-35.494;;
1669;21201.118;0.3968;0.7635;3.75;10.40;2081;3420;0.67;0.333;1.000;418;2026-04-21T00:49:52.160+02:00;0.009;10.731;-28.046;-1.210;1.068;-35.494;;
1670;21211.125;0.4158;0.7422;3.75;10.54;2081;3421;1.00;1.000;1.000;418;2026-04-21T00:49:52.170+02:00;0.009;10.731;-28.046;-1.245;1.007;-35.688;;
1671;21221.120;0.4112;0.7494;3.21;10.54;1810;3421;0.67;0.333;1.000;418;2026-04-21T00:49:52.180+02:00;0.009;10.731;-28.046;-1.245;1.007;-35.688;;
1672;21231.181;0.4353;0.7223;3.21;10.47;1810;3421;1.00;1.000;1.000;418;2026-04-21T00:49:52.190+02:00;0.009;10.731;-28.046;-1.261;1.114;-35.628;;
1673;21241.158;0.4333;0.7262;3.23;10.47;1809;3421;0.67;0.333;1.000;419;2026-04-21T00:49:52.201+02:00;0.009;10.731;-28.046;-1.261;1.114;-35.628;;
1674;21251.127;0.4507;0.7048;3.23;10.07;1809;3267;0.92;1.000;0.833;419;2026-04-21T00:49:52.209+02:00;0.009;10.731;-28.046;-1.272;1.059;-35.768;;
1675;21260.178;0.4437;0.7129;3.11;10.07;1734;3267;0.67;0.333;1.000;419;2026-04-21T00:49:52.219+02:00;0.009;10.731;-28.046;-1.272;1.059;-35.768;;
1676;21270.174;0.4615;0.6910;3.11;9.98;1734;3267;1.00;1.000;1.000;419;2026-04-21T00:49:52.228+02:00;0.009;10.731;-28.046;-1.277;1.166;-35.653;;
1677;21280.348;0.4537;0.6993;2.92;9.98;1626;3267;0.67;0.333;1.000;420;2026-04-21T00:49:52.239+02:00;-0.021;10.649;-28.278;-1.277;1.166;-35.653;;
1678;21290.227;0.4692;0.6833;2.92;9.90;1626;3217;1.00;1.000;1.000;420;2026-04-21T00:49:52.250+02:00;-0.021;10.649;-28.278;-1.345;1.119;-35.799;;
1679;21300.258;0.4563;0.7002;2.85;9.90;1590;3217;0.67;0.333;1.000;420;2026-04-21T00:49:52.258+02:00;-0.009;10.753;-28.287;-1.345;1.119;-35.799;;
1680;21310.252;0.4665;0.6872;2.85;9.91;1590;3217;1.00;1.000;1.000;420;2026-04-21T00:49:52.268+02:00;-0.009;10.753;-28.287;-1.349;1.153;-35.811;;
1681;21320.216;0.4605;0.6934;2.65;9.91;1486;3217;0.67;0.333;1.000;421;2026-04-21T00:49:52.278+02:00;-0.009;10.753;-28.287;-1.349;1.153;-35.811;;
1682;21330.266;0.4769;0.6752;2.65;9.62;1486;3116;1.00;1.000;1.000;421;2026-04-21T00:49:52.288+02:00;-0.009;10.753;-28.287;-1.335;1.077;-35.865;;
1683;21340.251;0.4673;0.6876;2.67;9.62;1486;3116;0.67;0.333;1.000;421;2026-04-21T00:49:52.300+02:00;-0.009;10.753;-28.287;-1.335;1.077;-35.865;;
1684;21350.274;0.4828;0.6676;2.67;8.88;1486;2875;1.00;1.000;1.000;421;2026-04-21T00:49:52.309+02:00;-0.009;10.753;-28.287;-1.334;1.038;-35.883;;
1685;21360.226;0.4735;0.6762;2.67;8.88;1486;2875;0.67;0.333;1.000;422;2026-04-21T00:49:52.318+02:00;-0.009;10.753;-28.287;-1.334;1.038;-35.883;;
1686;21370.236;0.4767;0.6696;2.67;8.92;1486;2873;1.00;1.000;1.000;422;2026-04-21T00:49:52.329+02:00;-0.009;10.753;-28.287;-1.337;1.021;-35.930;;
1687;21380.308;0.4613;0.6848;2.49;8.92;1385;2873;0.67;0.333;1.000;422;2026-04-21T00:49:52.338+02:00;-0.009;10.754;-28.287;-1.337;1.021;-35.930;;
1688;21390.254;0.4748;0.6718;2.49;8.11;1385;2641;1.00;1.000;1.000;422;2026-04-21T00:49:52.348+02:00;-0.009;10.754;-28.287;-1.335;1.077;-35.865;;
1689;21400.236;0.4626;0.6873;2.56;8.11;1418;2641;0.67;0.333;1.000;423;2026-04-21T00:49:52.360+02:00;-0.015;10.701;-28.282;-1.335;1.077;-35.865;;
1690;21410.244;0.4524;0.6995;2.56;8.06;1418;2505;1.00;1.000;1.000;423;2026-04-21T00:49:52.370+02:00;-0.015;10.701;-28.282;-1.389;0.629;-36.029;;FEx0.439y0.716d0.259
1691;21420.232;0.4524;0.6995;1.83;8.06;919;2505;0.67;0.333;1.000;423;2026-04-21T00:49:52.378+02:00;-0.221;10.169;-28.729;-1.389;0.629;-36.029;;S
1692;21430.271;0.4524;0.6995;1.83;6.87;919;2036;1.00;1.000;1.000;423;2026-04-21T00:49:52.388+02:00;-0.221;10.169;-28.729;-1.434;0.255;-36.029;;S
1693;21440.270;0.5296;0.4598;2.57;6.87;785;2036;0.83;0.667;1.000;424;2026-04-21T00:49:52.401+02:00;-1.695;2.803;-37.743;-1.434;0.255;-36.029;;S
1694;21450.332;0.5499;0.4602;2.57;6.20;785;1772;1.00;1.000;1.000;424;2026-04-21T00:49:52.409+02:00;-1.695;2.803;-37.743;-1.369;-0.112;-35.989;;S
1695;21460.265;0.5464;0.4155;2.68;6.20;792;1772;0.83;0.667;1.000;424;2026-04-21T00:49:52.420+02:00;-1.735;2.478;-37.925;-1.369;-0.112;-35.989;;S
1696;21470.268;0.5410;0.3821;2.68;5.75;792;1661;1.00;1.000;1.000;424;2026-04-21T00:49:52.428+02:00;-1.735;2.478;-37.925;-1.315;-0.182;-35.974;;S
1697;21480.314;0.5401;0.3734;1.41;5.75;424;1661;0.83;0.667;1.000;425;2026-04-21T00:49:52.440+02:00;-1.694;2.515;-37.926;-1.315;-0.182;-35.974;;FB
1698;21490.275;0.5415;0.3714;1.41;4.09;424;1195;1.00;1.000;1.000;425;2026-04-21T00:49:52.450+02:00;-1.694;2.515;-37.926;-1.318;-0.212;-36.039;;
1699;21500.307;0.5387;0.3623;2.71;4.09;801;1195;0.83;0.667;1.000;425;2026-04-21T00:49:52.460+02:00;-1.656;2.498;-37.986;-1.318;-0.212;-36.039;;FEx0.541y0.372d0.019
1700;21510.310;0.5366;0.3552;2.71;3.83;801;1133;1.00;1.000;1.000;425;2026-04-21T00:49:52.470+02:00;-1.656;2.498;-37.986;-1.327;-0.156;-35.955;;S
1701;21520.250;0.5291;0.3605;1.95;3.83;797;1133;0.67;0.333;1.000;426;2026-04-21T00:49:52.481+02:00;-0.314;10.140;-29.170;-1.327;-0.156;-35.955;;FB
1702;21530.424;0.5341;0.3502;1.95;3.87;797;1159;1.00;1.000;1.000;426;2026-04-21T00:49:52.491+02:00;-0.314;10.140;-29.170;-1.340;0.033;-35.821;;
1703;21540.268;0.5414;0.3505;3.68;3.87;1103;1159;0.83;0.667;1.000;426;2026-04-21T00:49:52.500+02:00;-1.606;2.722;-37.573;-1.340;0.033;-35.821;;
1704;21550.267;0.5467;0.3605;3.68;3.80;1103;1127;1.00;1.000;1.000;426;2026-04-21T00:49:52.510+02:00;-1.606;2.722;-37.573;-1.383;0.030;-36.032;;
1705;21560.303;0.5466;0.3687;3.46;3.80;1041;1127;0.83;0.667;1.000;427;2026-04-21T00:49:52.520+02:00;-1.607;2.678;-37.616;-1.383;0.030;-36.032;;
1706;21570.325;0.5509;0.3746;3.46;4.97;1041;1477;1.00;1.000;1.000;427;2026-04-21T00:49:52.529+02:00;-1.607;2.678;-37.616;-1.399;0.196;-35.953;;FEx0.540y0.358d0.050
1707;21580.352;0.5485;0.3736;3.45;4.97;1045;1477;0.83;0.667;1.000;427;2026-04-21T00:49:52.541+02:00;-1.590;2.788;-37.451;-1.399;0.196;-35.953;;S
1708;21590.287;0.5488;0.3744;3.45;4.67;1045;1409;1.00;1.000;1.000;427;2026-04-21T00:49:52.550+02:00;-1.590;2.788;-37.451;-1.383;0.288;-35.839;;FB
1709;21600.282;0.5467;0.3763;3.59;4.67;1074;1409;0.83;0.667;1.000;428;2026-04-21T00:49:52.560+02:00;-1.536;2.714;-37.574;-1.383;0.288;-35.839;;
1710;21610.291;0.5474;0.3763;3.59;5.09;1074;1517;1.00;1.000;1.000;428;2026-04-21T00:49:52.569+02:00;-1.536;2.714;-37.574;-1.369;0.300;-35.802;;
1711;21620.326;0.5442;0.3751;4.42;5.09;1317;1517;0.83;0.667;1.000;428;2026-04-21T00:49:52.579+02:00;-1.536;2.714;-37.574;-1.369;0.300;-35.802;;
1712;21630.270;0.5487;0.3736;4.42;6.00;1317;1762;1.00;1.000;1.000;428;2026-04-21T00:49:52.591+02:00;-1.536;2.714;-37.574;-1.346;0.116;-35.953;;
1713;21640.300;0.5503;0.3731;4.46;6.00;1317;1762;0.83;0.667;1.000;429;2026-04-21T00:49:52.600+02:00;-1.500;2.589;-37.755;-1.346;0.116;-35.953;;
1714;21650.386;0.5545;0.3730;4.46;6.24;1317;1802;1.00;1.000;1.000;429;2026-04-21T00:49:52.609+02:00;-1.500;2.589;-37.755;-1.311;-0.019;-36.074;;
1715;21660.309;0.5542;0.3685;4.47;6.24;1317;1802;0.83;0.667;1.000;429;2026-04-21T00:49:52.618+02:00;-1.467;2.595;-37.699;-1.311;-0.019;-36.074;;
1716;21670.300;0.5548;0.3672;4.47;6.13;1317;1767;1.00;1.000;1.000;429;2026-04-21T00:49:52.629+02:00;-1.467;2.595;-37.699;-1.299;-0.116;-36.156;;
1717;21680.975;0.5536;0.3695;4.57;6.13;1319;1767;0.83;0.667;1.000;430;2026-04-21T00:49:52.639+02:00;-1.470;2.353;-38.022;-1.299;-0.116;-36.156;;
1718;21690.334;0.5579;0.3709;4.57;7.14;1319;2040;1.00;1.000;1.000;430;2026-04-21T00:49:52.652+02:00;-1.470;2.353;-38.022;-1.299;-0.116;-36.156;;
1719;21700.378;0.5564;0.3655;5.26;7.14;1517;2040;0.83;0.667;1.000;430;2026-04-21T00:49:52.659+02:00;-1.455;2.373;-37.946;-1.299;-0.116;-36.156;;
1720;21710.324;0.5570;0.3623;5.26;6.85;1517;1956;1.00;1.000;1.000;430;2026-04-21T00:49:52.668+02:00;-1.455;2.373;-37.946;-1.305;-0.128;-36.238;;
1721;21720.344;0.5562;0.3617;5.49;6.85;1587;1956;0.83;0.667;1.000;431;2026-04-21T00:49:52.679+02:00;-1.455;2.373;-37.946;-1.305;-0.128;-36.238;;
1722;21730.380;0.5580;0.3619;5.49;6.84;1587;1956;1.00;1.000;1.000;431;2026-04-21T00:49:52.688+02:00;-1.455;2.373;-37.946;-1.306;-0.045;-36.178;;
1723;21740.392;0.5578;0.3635;4.98;6.84;1451;1956;0.83;0.667;1.000;431;2026-04-21T00:49:52.699+02:00;-1.453;2.487;-37.816;-1.306;-0.045;-36.178;;
1724;21750.373;0.5659;0.3655;4.98;7.88;1451;2283;1.00;1.000;1.000;431;2026-04-21T00:49:52.711+02:00;-1.453;2.487;-37.816;-1.313;0.071;-36.025;;
1725;21760.340;0.5662;0.3652;5.35;7.88;1550;2283;0.83;0.667;1.000;432;2026-04-21T00:49:52.721+02:00;-1.446;2.446;-37.963;-1.313;0.071;-36.025;;
1726;21770.365;0.5677;0.3658;5.35;7.65;1550;2238;1.00;1.000;1.000;432;2026-04-21T00:49:52.728+02:00;-1.446;2.446;-37.963;-1.321;0.130;-35.936;;
1727;21780.364;0.5671;0.3650;5.26;7.65;1550;2238;0.83;0.667;1.000;432;2026-04-21T00:49:52.739+02:00;-1.467;2.595;-37.699;-1.321;0.130;-35.936;;
1728;21790.355;0.5682;0.3662;5.26;7.66;1550;2199;1.00;1.000;1.000;432;2026-04-21T00:49:52.749+02:00;-1.467;2.595;-37.699;-1.310;-0.032;-36.222;;
1729;21800.352;0.5670;0.3669;5.23;7.66;1517;2199;0.83;0.667;1.000;433;2026-04-21T00:49:52.760+02:00;-1.446;2.446;-37.962;-1.310;-0.032;-36.222;;
1730;21810.383;0.5687;0.3688;5.23;6.90;1517;1998;1.00;1.000;1.000;433;2026-04-21T00:49:52.770+02:00;-1.446;2.446;-37.962;-1.318;0.092;-36.078;;
1731;21820.341;0.5659;0.3675;5.24;6.90;1517;1998;0.83;0.667;1.000;433;2026-04-21T00:49:52.778+02:00;-1.521;2.454;-37.926;-1.318;0.092;-36.078;;
1732;21830.345;0.5639;0.3812;5.24;7.49;1517;2121;1.00;1.000;1.000;433;2026-04-21T00:49:52.790+02:00;-1.521;2.454;-37.926;-1.647;-0.241;-36.372;;FEx0.558y0.369d0.239
1733;21840.372;0.5565;0.3703;5.45;7.49;1546;2121;0.83;0.667;1.000;434;2026-04-21T00:49:52.799+02:00;-1.895;2.387;-38.120;-1.647;-0.241;-36.372;;S
1734;21850.381;0.5375;0.3054;5.45;7.54;1546;2117;1.00;1.000;1.000;434;2026-04-21T00:49:52.810+02:00;-1.895;2.387;-38.120;-1.735;-0.347;-36.471;;S
1735;21860.335;0.5361;0.2858;5.30;7.54;1513;2117;0.83;0.667;1.000;434;2026-04-21T00:49:52.818+02:00;-1.895;2.388;-38.120;-1.735;-0.347;-36.471;;FB
1736;21870.342;0.5339;0.2897;5.30;7.77;1513;2163;1.00;1.000;1.000;434;2026-04-21T00:49:52.829+02:00;-1.895;2.388;-38.120;-1.733;-0.419;-36.514;;
1737;21880.343;0.5268;0.2938;5.23;7.77;1481;2163;0.83;0.667;1.000;435;2026-04-21T00:49:52.839+02:00;-1.939;2.283;-38.203;-1.733;-0.419;-36.514;;
1738;21890.344;0.5256;0.2952;5.23;8.75;1481;2414;1.00;1.000;1.000;435;2026-04-21T00:49:52.849+02:00;-1.939;2.283;-38.203;-1.745;-0.520;-36.576;;
1739;21900.337;0.5063;0.3167;3.55;8.75;1513;2414;0.67;0.333;1.000;435;2026-04-21T00:49:52.859+02:00;-0.572;9.589;-29.064;-1.745;-0.520;-36.576;;
1740;21910.370;0.5091;0.3083;3.55;7.58;1513;2124;1.00;1.000;1.000;435;2026-04-21T00:49:52.868+02:00;-0.572;9.589;-29.064;-1.753;-0.525;-36.407;;
1741;21920.400;0.5152;0.3039;5.36;7.58;1508;2124;0.83;0.667;1.000;436;2026-04-21T00:49:52.878+02:00;-1.936;2.286;-38.235;-1.753;-0.525;-36.407;;
1742;21930.371;0.5205;0.3037;5.36;7.82;1508;2124;1.00;1.000;1.000;436;2026-04-21T00:49:52.888+02:00;-1.936;2.286;-38.235;-1.788;-0.814;-36.719;;
1743;21940.435;0.5202;0.3019;5.34;7.82;1477;2124;0.83;0.667;1.000;436;2026-04-21T00:49:52.899+02:00;-1.962;2.099;-38.461;-1.788;-0.814;-36.719;;
1744;21950.394;0.5200;0.3033;5.34;7.57;1477;2043;1.00;1.000;1.000;436;2026-04-21T00:49:52.908+02:00;-1.962;2.099;-38.461;-1.791;-0.997;-36.858;;
1745;21960.444;0.4980;0.3292;3.91;7.57;1616;2043;0.67;0.333;1.000;437;2026-04-21T00:49:52.920+02:00;-0.628;9.325;-29.302;-1.791;-0.997;-36.858;;
1746;21970.422;0.4966;0.3222;3.91;7.71;1616;2003;1.00;1.000;1.000;437;2026-04-21T00:49:52.928+02:00;-0.628;9.325;-29.302;-1.840;-1.346;-37.342;;
1747;21980.352;0.4417;0.3873;2.60;7.71;1378;2003;0.67;0.333;1.000;437;2026-04-21T00:49:52.938+02:00;0.608;6.677;-28.460;-1.840;-1.346;-37.342;;FEx0.518y0.304d0.120
1748;21990.391;0.3861;0.4538;2.60;8.36;1378;2123;1.00;1.000;1.000;437;2026-04-21T00:49:52.950+02:00;0.608;6.677;-28.460;-1.844;-1.663;-37.582;;S
1749;22000.381;0.3803;0.4616;3.85;8.36;1513;2123;0.67;0.333;1.000;438;2026-04-21T00:49:52.960+02:00;-0.758;8.671;-29.775;-1.844;-1.663;-37.582;;FB
1750;22010.379;0.4054;0.4282;3.85;8.76;1513;2205;1.00;1.000;1.000;438;2026-04-21T00:49:52.970+02:00;-0.758;8.671;-29.775;-1.870;-1.853;-37.721;;
1751;22020.397;0.4037;0.4322;4.01;8.76;1583;2205;0.67;0.333;1.000;438;2026-04-21T00:49:52.978+02:00;-0.758;8.671;-29.775;-1.870;-1.853;-37.721;;
1752;22030.442;0.4182;0.4110;4.01;8.89;1583;2248;1.00;1.000;1.000;438;2026-04-21T00:49:52.988+02:00;-0.758;8.671;-29.775;-1.932;-1.803;-37.683;;
1753;22040.370;0.4119;0.4207;4.01;8.89;1583;2248;0.67;0.333;1.000;439;2026-04-21T00:49:53.000+02:00;-0.811;8.678;-29.774;-1.932;-1.803;-37.683;;
1754;22050.406;0.4245;0.4030;4.01;8.70;1583;2205;1.00;1.000;1.000;439;2026-04-21T00:49:53.010+02:00;-0.811;8.678;-29.774;-1.984;-1.794;-37.683;;
1755;22060.427;0.3906;0.4810;3.47;8.70;1655;2205;0.67;0.333;1.000;439;2026-04-21T00:49:53.018+02:00;0.687;3.476;-29.376;-1.984;-1.794;-37.683;;
1756;22070.412;0.3571;0.5784;3.47;8.98;1655;2248;1.00;1.000;1.000;439;2026-04-21T00:49:53.028+02:00;0.687;3.476;-29.376;-2.053;-1.860;-37.904;;
1757;22080.413;0.3754;0.5289;7.72;8.98;1689;2248;1.00;1.000;1.000;440;2026-04-21T00:49:53.039+02:00;-1.962;0.023;-41.776;-2.053;-1.860;-37.904;;
1758;22090.412;0.3958;0.4691;7.72;8.48;1689;2165;1.00;1.000;1.000;440;2026-04-21T00:49:53.049+02:00;-1.962;0.023;-41.776;-2.117;-1.643;-37.778;;
1759;22100.493;0.3511;0.5246;3.07;8.48;1616;2165;0.67;0.333;1.000;440;2026-04-21T00:49:53.059+02:00;0.363;6.886;-28.516;-2.117;-1.643;-37.778;;FEx0.396y0.463d0.100
1760;22110.464;0.2995;0.5752;3.07;8.81;1616;2205;1.00;1.000;1.000;440;2026-04-21T00:49:53.070+02:00;0.363;6.886;-28.516;-2.270;-1.601;-38.259;;S
1761;22120.420;0.2827;0.5927;3.20;8.81;1689;2205;0.67;0.333;1.000;441;2026-04-21T00:49:53.079+02:00;0.363;6.886;-28.516;-2.270;-1.601;-38.259;;S
1762;22130.444;0.2764;0.5994;3.20;8.74;1689;2205;1.00;1.000;1.000;441;2026-04-21T00:49:53.089+02:00;0.363;6.886;-28.516;-2.269;-1.540;-38.214;;FB
1763;22140.505;0.2755;0.6014;3.20;8.74;1689;2205;0.67;0.333;1.000;441;2026-04-21T00:49:53.100+02:00;0.363;6.886;-28.516;-2.269;-1.540;-38.214;;
1764;22150.465;0.2743;0.6010;3.20;9.34;1689;2333;1.00;1.000;1.000;441;2026-04-21T00:49:53.110+02:00;0.363;6.886;-28.516;-2.319;-1.696;-38.417;;
1765;22160.411;0.2681;0.6392;3.55;9.34;1689;2333;0.67;0.333;1.000;442;2026-04-21T00:49:53.120+02:00;0.442;3.569;-29.490;-2.319;-1.696;-38.417;;
1766;22170.391;0.2627;0.7002;3.55;9.01;1689;2246;1.00;1.000;1.000;442;2026-04-21T00:49:53.129+02:00;0.442;3.569;-29.490;-2.329;-1.743;-38.532;;
1767;22180.419;0.2786;0.6772;4.26;9.01;1722;2246;0.67;0.333;1.000;442;2026-04-21T00:49:53.138+02:00;-1.000;8.916;-29.864;-2.329;-1.743;-38.532;;
1768;22190.418;0.3073;0.6268;4.26;9.03;1722;2246;1.00;1.000;1.000;442;2026-04-21T00:49:53.148+02:00;-1.000;8.916;-29.864;-2.332;-1.728;-38.556;;
1769;22200.409;0.3159;0.6104;4.41;9.03;1762;2246;0.67;0.333;1.000;443;2026-04-21T00:49:53.159+02:00;-1.049;8.751;-30.132;-2.332;-1.728;-38.556;;
1770;22210.435;0.3376;0.5786;4.41;9.15;1762;2287;1.00;1.000;1.000;443;2026-04-21T00:49:53.170+02:00;-1.049;8.751;-30.132;-2.343;-1.704;-38.518;;
1771;22220.394;0.3413;0.5734;4.41;9.15;1762;2287;0.67;0.333;1.000;443;2026-04-21T00:49:53.178+02:00;-1.049;8.751;-30.132;-2.343;-1.704;-38.518;;
1772;22230.515;0.3587;0.5468;4.41;9.52;1762;2375;1.00;1.000;1.000;443;2026-04-21T00:49:53.189+02:00;-1.049;8.751;-30.132;-2.343;-1.704;-38.518;;
1773;22240.412;0.3489;0.5535;3.41;9.52;1797;2375;0.67;0.333;1.000;444;2026-04-21T00:49:53.201+02:00;0.325;6.846;-28.593;-2.343;-1.704;-38.518;;
1774;22250.428;0.3379;0.5623;3.41;9.36;1797;2331;1.00;1.000;1.000;444;2026-04-21T00:49:53.209+02:00;0.325;6.846;-28.593;-2.325;-1.804;-38.531;;
1775;22260.557;0.3620;0.5212;8.34;9.36;1797;2331;1.00;1.000;1.000;444;2026-04-21T00:49:53.220+02:00;-2.302;-0.041;-42.346;-2.325;-1.804;-38.531;;
1776;22270.428;0.3829;0.4822;8.34;9.76;1797;2417;1.00;1.000;1.000;444;2026-04-21T00:49:53.229+02:00;-2.302;-0.041;-42.346;-2.326;-1.842;-38.566;;
1777;22280.418;0.3654;0.5051;3.43;9.76;1797;2417;0.67;0.333;1.000;445;2026-04-21T00:49:53.239+02:00;0.362;6.853;-28.518;-2.326;-1.842;-38.566;;
1778;22290.417;0.3421;0.5273;3.43;9.20;1797;2287;1.00;1.000;1.000;445;2026-04-21T00:49:53.250+02:00;0.362;6.853;-28.518;-2.318;-1.879;-38.507;;
1779;22300.410;0.3300;0.5403;3.43;9.20;1797;2287;0.67;0.333;1.000;445;2026-04-21T00:49:53.259+02:00;0.309;6.858;-28.519;-2.318;-1.879;-38.507;;
1780;22310.471;0.3213;0.5496;3.43;8.77;1797;2163;1.00;1.000;1.000;445;2026-04-21T00:49:53.268+02:00;0.309;6.858;-28.519;-2.309;-2.036;-38.627;;
1781;22320.480;0.3163;0.5606;3.49;8.77;1802;2163;0.67;0.333;1.000;446;2026-04-21T00:49:53.280+02:00;0.323;6.799;-28.593;-2.309;-2.036;-38.627;;
1782;22330.464;0.3085;0.5645;3.49;9.38;1802;2287;1.00;1.000;1.000;446;2026-04-21T00:49:53.288+02:00;0.323;6.799;-28.593;-2.311;-2.138;-38.709;;
1783;22340.509;0.3045;0.5696;3.44;9.38;1797;2287;0.67;0.333;1.000;446;2026-04-21T00:49:53.300+02:00;0.308;6.678;-28.564;-2.311;-2.138;-38.709;;
1784;22350.472;0.2994;0.5735;3.44;9.12;1797;2203;1.00;1.000;1.000;446;2026-04-21T00:49:53.310+02:00;0.308;6.678;-28.564;-2.298;-2.286;-38.791;;
1785;22360.481;0.3346;0.5834;3.27;9.12;1802;2203;0.67;0.333;1.000;447;2026-04-21T00:49:53.320+02:00;-3.196;11.006;-25.709;-2.298;-2.286;-38.791;;
1786;22370.486;0.4258;0.5607;3.27;9.25;1802;2246;1.00;1.000;1.000;447;2026-04-21T00:49:53.329+02:00;-3.196;11.006;-25.709;-2.286;-2.249;-38.645;;
1787;22379.498;0.4413;0.5670;3.49;9.25;1879;2246;0.67;0.333;1.000;447;2026-04-21T00:49:53.338+02:00;-3.228;10.802;-25.944;-2.286;-2.249;-38.645;;
1788;22389.511;0.4928;0.5498;3.49;9.32;1879;2246;1.00;1.000;1.000;447;2026-04-21T00:49:53.349+02:00;-3.228;10.802;-25.944;-2.285;-2.322;-38.684;;
1789;22399.563;0.4958;0.5545;3.61;9.32;1920;2246;0.67;0.333;1.000;448;2026-04-21T00:49:53.358+02:00;-3.234;10.673;-26.101;-2.285;-2.322;-38.684;;
1790;22409.504;0.5341;0.5409;3.61;9.95;1920;2375;1.00;1.000;1.000;448;2026-04-21T00:49:53.368+02:00;-3.234;10.673;-26.101;-2.303;-2.453;-38.803;;
1791;22419.515;0.5110;0.5038;9.27;9.95;1920;2375;1.00;1.000;1.000;448;2026-04-21T00:49:53.377+02:00;-2.419;-0.690;-42.564;-2.303;-2.453;-38.803;;
1792;22429.532;0.4804;0.4623;9.27;11.03;1920;2595;1.00;1.000;1.000;448;2026-04-21T00:49:53.387+02:00;-2.419;-0.690;-42.564;-2.279;-2.512;-38.849;;
1793;22439.569;0.4874;0.5435;5.32;11.03;2155;2595;0.67;0.333;1.000;449;2026-04-21T00:49:53.398+02:00;-5.239;7.404;-29.093;-2.279;-2.512;-38.849;;
1794;22449.611;0.5019;0.6280;5.32;11.79;2155;2749;1.00;1.000;1.000;449;2026-04-21T00:49:53.408+02:00;-5.239;7.404;-29.093;-2.211;-2.853;-39.291;;FEx0.362y0.565d0.318
1795;22459.539;0.5019;0.6280;0.71;11.79;374;2749;0.67;0.333;1.000;449;2026-04-21T00:49:53.417+02:00;-5.868;7.657;-27.308;-2.211;-2.853;-39.291;;S
1796;22469.553;0.5019;0.6280;0.71;0.00;374;0;0.50;0.833;0.167;449;2026-04-21T00:49:53.428+02:00;-5.868;7.657;-27.308;4.861;3.987;-36.310;;S
1797;22479.552;0.5019;0.6280;0.00;0.00;0;0;0.08;0.167;0.000;450;2026-04-21T00:49:53.438+02:00;4.963;3.576;-27.266;4.861;3.987;-36.310;;BB
1798;22489.514;0.5019;0.6280;0.00;0.00;0;0;0.25;0.333;0.167;450;2026-04-21T00:49:53.448+02:00;4.963;3.576;-27.266;4.871;3.917;-36.295;;BE
1799;22499.561;0.5136;0.5878;0.00;0.00;0;0;0.08;0.167;0.000;450;2026-04-21T00:49:53.458+02:00;4.963;3.576;-27.266;4.871;3.917;-36.295;;BB
1800;22509.541;0.5139;0.5868;0.00;0.00;0;0;0.25;0.333;0.167;450;2026-04-21T00:49:53.468+02:00;4.963;3.576;-27.266;4.871;3.917;-36.295;;BE
1801;22519.516;0.5244;0.5506;0.00;0.00;0;0;0.08;0.167;0.000;451;2026-04-21T00:49:53.477+02:00;4.963;3.576;-27.266;4.871;3.917;-36.295;;BB
1802;22529.514;0.5247;0.5496;0.00;0.00;0;0;0.25;0.333;0.167;451;2026-04-21T00:49:53.489+02:00;4.963;3.576;-27.266;4.861;3.987;-36.310;;BE
1803;22539.551;0.5337;0.5176;0.00;0.00;0;0;0.08;0.167;0.000;451;2026-04-21T00:49:53.497+02:00;4.963;3.576;-27.266;4.861;3.987;-36.310;;BB
1804;22549.744;0.5339;0.5168;0.00;0.00;0;0;0.25;0.333;0.167;451;2026-04-21T00:49:53.508+02:00;4.963;3.576;-27.266;4.861;3.987;-36.310;;BE
1805;22559.691;0.5419;0.4885;0.00;0.00;0;0;0.08;0.167;0.000;452;2026-04-21T00:49:53.518+02:00;4.963;3.576;-27.266;4.861;3.987;-36.310;;BB
1806;22569.560;0.5492;0.4629;0.00;0.00;0;0;0.17;0.333;0.000;452;2026-04-21T00:49:53.528+02:00;4.963;3.576;-27.266;4.861;3.987;-36.310;;
1807;22579.567;0.5494;0.4620;2.71;0.00;1414;0;0.17;0.333;0.000;452;2026-04-21T00:49:53.538+02:00;-5.677;7.865;-26.747;4.861;3.987;-36.310;;
1808;22589.562;0.5494;0.4620;2.71;0.00;1414;0;0.42;0.833;0.000;452;2026-04-21T00:49:53.549+02:00;-5.677;7.865;-26.747;4.861;3.987;-36.310;;
1809;22599.590;0.5494;0.4620;19.69;0.00;6626;0;0.17;0.333;0.000;453;2026-04-21T00:49:53.558+02:00;-4.889;6.916;-29.573;4.861;3.987;-36.310;;
1810;22609.639;0.5494;0.4620;19.69;0.00;6626;0;0.42;0.833;0.000;453;2026-04-21T00:49:53.568+02:00;-4.889;6.916;-29.573;4.861;3.987;-36.310;;
1811;22619.515;0.5494;0.4620;40.90;0.00;7683;0;0.42;0.833;0.000;453;2026-04-21T00:49:53.578+02:00;-1.795;-1.367;-43.131;4.861;3.987;-36.310;;
1812;22629.545;0.5494;0.4620;40.90;35.04;7683;7050;0.92;1.000;0.833;453;2026-04-21T00:49:53.588+02:00;-1.795;-1.367;-43.131;-1.568;-2.904;-39.384;;BE
1813;22639.562;0.5494;0.4620;44.35;35.04;7620;7050;0.83;0.667;1.000;454;2026-04-21T00:49:53.598+02:00;-1.711;-1.489;-43.498;-1.568;-2.904;-39.384;;S
1814;22649.571;0.0525;0.8044;44.35;33.06;7620;6593;0.92;1.000;0.833;454;2026-04-21T00:49:53.608+02:00;-1.711;-1.489;-43.498;-1.455;-2.759;-39.187;;S       
1815;22659.557;0.1008;0.8237;17.42;33.06;5806;6593;0.67;0.333;1.000;454;2026-04-21T00:49:53.618+02:00;2.310;7.826;-28.938;-1.455;-2.759;-39.187;;S
1816;22669.613;0.1008;0.8237;17.42;34.66;5806;6800;0.92;1.000;0.833;454;2026-04-21T00:49:53.628+02:00;2.310;7.826;-28.938;-1.408;-2.831;-39.298;;S
1817;22679.619;0.1008;0.8237;3.65;34.66;1225;6800;0.67;0.333;1.000;455;2026-04-21T00:49:53.638+02:00;2.363;7.823;-28.933;-1.408;-2.831;-39.298;;S
1818;22689.519;0.1008;0.8237;3.65;30.44;1225;6143;0.92;1.000;0.833;455;2026-04-21T00:49:53.648+02:00;2.363;7.823;-28.933;-1.364;-2.844;-39.354;;S
1819;22699.652;0.0809;1.6628;2.89;30.44;988;6143;0.67;0.333;1.000;455;2026-04-21T00:49:53.659+02:00;2.350;7.579;-29.239;-1.364;-2.844;-39.354;;FB
1820;22709.570;0.0835;1.6825;2.89;7.39;988;1728;0.92;1.000;0.833;455;2026-04-21T00:49:53.668+02:00;2.350;7.579;-29.239;-1.325;-2.815;-39.229;;FEx0.081y1.663d0.009
1821;22719.553;0.0835;1.6825;3.41;7.39;1162;1728;0.67;0.333;1.000;456;2026-04-21T00:49:53.678+02:00;2.350;7.579;-29.239;-1.325;-2.815;-39.229;;S
1822;22729.603;0.3565;-0.8734;3.41;7.02;1162;1655;1.00;1.000;1.000;456;2026-04-21T00:49:53.689+02:00;2.350;7.579;-29.239;-1.279;-2.799;-39.178;;FB
1823;22739.619;0.2681;0.1227;3.87;7.02;1256;1655;0.67;0.333;1.000;456;2026-04-21T00:49:53.697+02:00;2.389;7.398;-29.492;-1.279;-2.799;-39.178;;
1824;22749.649;0.2337;0.2822;3.87;6.41;1256;1508;1.00;1.000;1.000;456;2026-04-21T00:49:53.708+02:00;2.389;7.398;-29.492;-1.266;-2.832;-39.204;;
1825;22759.621;0.2247;0.4031;4.41;6.41;1418;1508;0.67;0.333;1.000;457;2026-04-21T00:49:53.719+02:00;2.389;7.398;-29.492;-1.266;-2.832;-39.204;;
1826;22769.625;0.2172;0.4439;4.41;7.97;1418;1879;1.00;1.000;1.000;457;2026-04-21T00:49:53.728+02:00;2.389;7.398;-29.492;-1.275;-2.758;-39.095;;
1827;22779.632;0.2193;0.4902;4.27;7.97;1385;1879;0.67;0.333;1.000;457;2026-04-21T00:49:53.738+02:00;2.390;7.328;-29.546;-1.275;-2.758;-39.095;;
1828;22789.662;0.2165;0.5030;4.27;8.70;1385;2042;1.00;1.000;1.000;457;2026-04-21T00:49:53.749+02:00;2.390;7.328;-29.546;-1.302;-2.814;-39.148;;
1829;22799.673;0.2903;0.5289;2.72;8.70;1385;2042;0.67;0.333;1.000;458;2026-04-21T00:49:53.757+02:00;-2.711;10.255;-26.288;-1.302;-2.814;-39.148;;
1830;22809.666;0.3945;0.5277;2.72;7.73;1385;1838;1.00;1.000;1.000;458;2026-04-21T00:49:53.768+02:00;-2.711;10.255;-26.288;-1.320;-2.747;-39.001;;
1831;22819.642;0.3566;0.5552;4.40;7.73;1418;1838;0.67;0.333;1.000;458;2026-04-21T00:49:53.778+02:00;2.350;7.511;-29.291;-1.320;-2.747;-39.001;;
1832;22829.632;0.2993;0.5434;4.40;6.77;1418;1583;1.00;1.000;1.000;458;2026-04-21T00:49:53.788+02:00;2.350;7.511;-29.291;-1.375;-2.865;-39.117;;
1833;22839.616;0.2746;0.5551;4.47;6.77;1418;1583;0.67;0.333;1.000;459;2026-04-21T00:49:53.798+02:00;2.317;7.683;-29.097;-1.375;-2.865;-39.117;;
1834;22849.631;0.2593;0.5530;4.47;7.21;1418;1689;1.00;1.000;1.000;459;2026-04-21T00:49:53.808+02:00;2.317;7.683;-29.097;-1.403;-2.909;-39.177;;
1835;22859.644;0.2935;0.5640;2.79;7.21;1418;1689;0.67;0.333;1.000;459;2026-04-21T00:49:53.818+02:00;-2.783;10.177;-26.374;-1.403;-2.909;-39.177;;
1836;22869.767;0.3841;0.5499;2.79;7.67;1418;1802;1.00;1.000;1.000;459;2026-04-21T00:49:53.828+02:00;-2.783;10.177;-26.374;-1.456;-2.908;-39.167;;
1837;22879.607;0.3470;0.5711;5.13;7.67;1626;1802;0.67;0.333;1.000;460;2026-04-21T00:49:53.839+02:00;2.279;7.800;-28.891;-1.456;-2.908;-39.167;;
1838;22889.667;0.2917;0.5635;5.13;8.06;1626;1873;1.00;1.000;1.000;460;2026-04-21T00:49:53.849+02:00;2.279;7.800;-28.891;-1.456;-2.990;-39.240;;
1839;22899.630;0.2669;0.5716;4.91;8.06;1521;1873;0.67;0.333;1.000;460;2026-04-21T00:49:53.859+02:00;2.279;7.800;-28.891;-1.456;-2.990;-39.240;;
1840;22909.640;0.2512;0.5618;4.91;9.51;1521;2205;1.00;1.000;1.000;460;2026-04-21T00:49:53.868+02:00;2.279;7.800;-28.891;-1.505;-2.968;-39.176;;
1841;22919.602;0.2465;0.5810;5.08;9.51;1624;2205;0.67;0.333;1.000;461;2026-04-21T00:49:53.878+02:00;2.237;7.978;-28.602;-1.505;-2.968;-39.176;;
1842;22929.631;0.2397;0.5773;5.08;10.21;1624;2375;1.00;1.000;1.000;461;2026-04-21T00:49:53.889+02:00;2.237;7.978;-28.602;-1.527;-2.991;-39.136;;
1843;22939.669;0.2378;0.5948;5.17;10.21;1590;2375;0.67;0.333;1.000;461;2026-04-21T00:49:53.897+02:00;2.242;7.975;-28.649;-1.527;-2.991;-39.136;;
1844;22949.714;0.2329;0.5923;5.17;10.51;1590;2419;1.00;1.000;1.000;461;2026-04-21T00:49:53.907+02:00;2.242;7.975;-28.649;-1.546;-3.156;-39.326;;
1845;22959.689;0.2322;0.6122;5.88;10.51;1809;2419;0.67;0.333;1.000;462;2026-04-21T00:49:53.918+02:00;2.242;7.975;-28.649;-1.546;-3.156;-39.326;;
1846;22969.692;0.2253;0.5977;5.88;11.13;1809;2549;1.00;1.000;1.000;462;2026-04-21T00:49:53.928+02:00;2.242;7.975;-28.649;-1.546;-3.156;-39.326;;
1847;22979.712;0.2236;0.6054;5.95;11.13;1806;2549;0.67;0.333;1.000;462;2026-04-21T00:49:53.939+02:00;2.242;7.920;-28.683;-1.546;-3.156;-39.326;;
1848;22989.688;0.2182;0.5936;5.95;10.27;1806;2373;1.00;1.000;1.000;462;2026-04-21T00:49:53.948+02:00;2.242;7.920;-28.683;-1.606;-3.078;-39.203;;
1849;22999.712;0.2177;0.6011;6.14;10.27;1883;2373;0.67;0.333;1.000;463;2026-04-21T00:49:53.957+02:00;2.205;8.092;-28.445;-1.606;-3.078;-39.203;;
1850;23009.703;0.2123;0.5840;6.14;9.38;1883;2163;1.00;1.000;1.000;463;2026-04-21T00:49:53.969+02:00;2.205;8.092;-28.445;-1.633;-3.123;-39.241;;
1851;23019.700;0.2124;0.5940;5.89;9.38;1847;2163;0.67;0.333;1.000;463;2026-04-21T00:49:53.978+02:00;2.170;8.260;-28.212;-1.633;-3.123;-39.241;;
1852;23029.676;0.2106;0.5920;5.89;9.74;1847;2246;1.00;1.000;1.000;463;2026-04-21T00:49:53.988+02:00;2.170;8.260;-28.212;-1.674;-3.197;-39.294;;
1853;23039.651;0.2114;0.6047;6.09;9.74;1885;2246;0.67;0.333;1.000;464;2026-04-21T00:49:54.001+02:00;2.170;8.313;-28.180;-1.674;-3.197;-39.294;;
1854;23049.720;0.2055;0.5822;6.09;10.16;1885;2373;1.00;1.000;1.000;464;2026-04-21T00:49:54.010+02:00;2.170;8.313;-28.180;-1.453;-2.980;-39.202;;FEx0.262y0.484d0.320
1855;23059.684;0.2492;0.6161;3.95;10.16;1998;2373;0.67;0.333;1.000;464;2026-04-21T00:49:54.017+02:00;1.935;9.124;-26.792;-1.453;-2.980;-39.202;;S
1856;23069.645;0.3274;0.6141;3.95;9.76;1998;2333;0.92;1.000;0.833;464;2026-04-21T00:49:54.028+02:00;1.935;9.124;-26.792;-0.950;-2.693;-39.399;;S
1857;23079.729;0.5288;0.5243;4.43;9.76;2203;2333;0.58;0.333;0.833;465;2026-04-21T00:49:54.038+02:00;1.907;9.340;-26.575;-0.950;-2.693;-39.399;;S
1858;23089.647;0.3279;0.5234;4.43;10.92;2203;2551;0.92;1.000;0.833;465;2026-04-21T00:49:54.048+02:00;1.907;9.340;-26.575;-1.095;-2.818;-39.591;;S
1859;23099.655;0.3139;0.5577;3.75;10.92;1915;2551;0.67;0.333;1.000;465;2026-04-21T00:49:54.059+02:00;1.906;9.305;-26.584;-1.095;-2.818;-39.591;;S
1860;23109.710;0.3085;0.5629;3.75;10.57;1915;2505;0.92;1.000;0.833;465;2026-04-21T00:49:54.069+02:00;1.906;9.305;-26.584;-1.141;-2.734;-39.457;;FB
1861;23119.759;0.3029;0.5972;3.46;10.57;1802;2505;0.67;0.333;1.000;466;2026-04-21T00:49:54.079+02:00;1.876;9.451;-26.387;-1.141;-2.734;-39.457;;
1862;23129.713;0.2965;0.5988;3.46;10.31;1802;2460;1.00;1.000;1.000;466;2026-04-21T00:49:54.088+02:00;1.876;9.451;-26.387;-1.168;-2.733;-39.381;;
1863;23139.760;0.2916;0.6124;3.62;10.31;1879;2460;0.67;0.333;1.000;466;2026-04-21T00:49:54.098+02:00;1.874;9.434;-26.372;-1.168;-2.733;-39.381;;
1864;23149.827;0.2888;0.5957;3.62;12.25;1879;2870;0.92;1.000;0.833;466;2026-04-21T00:49:54.108+02:00;1.874;9.434;-26.372;-1.232;-2.813;-39.473;;
1865;23159.750;0.3352;0.6084;3.36;12.25;1802;2870;0.67;0.333;1.000;467;2026-04-21T00:49:54.119+02:00;-2.675;10.261;-26.395;-1.232;-2.813;-39.473;;
1866;23169.737;0.4175;0.6040;3.36;11.65;1802;2731;1.00;1.000;1.000;467;2026-04-21T00:49:54.128+02:00;-2.675;10.261;-26.395;-1.261;-2.855;-39.498;;
1867;23179.728;0.4301;0.6244;3.63;11.65;1883;2731;0.67;0.333;1.000;467;2026-04-21T00:49:54.138+02:00;-2.671;10.045;-26.720;-1.261;-2.855;-39.498;;
1868;23189.704;0.5051;0.6071;3.63;11.93;1883;2776;0.92;1.000;0.833;467;2026-04-21T00:49:54.149+02:00;-2.671;10.045;-26.720;-1.290;-2.985;-39.607;;
1869;23199.719;0.4955;0.6287;2.98;11.93;1583;2776;0.67;0.333;1.000;468;2026-04-21T00:49:54.160+02:00;-2.724;10.134;-26.552;-1.290;-2.985;-39.607;;
1870;23209.726;0.5499;0.6180;2.98;9.99;1583;2363;1.00;1.000;1.000;468;2026-04-21T00:49:54.170+02:00;-2.724;10.134;-26.552;-1.328;-2.896;-39.383;;
1871;23219.759;0.5352;0.6371;2.38;9.99;1288;2363;0.67;0.333;1.000;468;2026-04-21T00:49:54.179+02:00;-2.724;10.134;-26.552;-1.328;-2.896;-39.383;;
1872;23229.723;0.5738;0.6231;2.38;10.29;1288;2403;0.92;1.000;0.833;468;2026-04-21T00:49:54.189+02:00;-2.724;10.134;-26.552;-1.352;-2.935;-39.493;;
1873;23239.718;0.5661;0.6302;2.56;10.29;1343;2403;0.67;0.333;1.000;469;2026-04-21T00:49:54.199+02:00;-2.724;10.134;-26.552;-1.352;-2.935;-39.493;;
1874;23249.802;0.5896;0.6228;2.56;10.23;1343;2403;1.00;1.000;1.000;469;2026-04-21T00:49:54.208+02:00;-2.724;10.134;-26.552;-1.383;-2.951;-39.431;;
1875;23259.781;0.5072;0.6498;5.11;10.23;1767;2403;0.67;0.333;1.000;469;2026-04-21T00:49:54.219+02:00;2.311;7.757;-28.992;-1.383;-2.951;-39.431;;
1876;23269.775;0.4205;0.6506;5.11;9.77;1767;2309;1.00;1.000;1.000;469;2026-04-21T00:49:54.229+02:00;2.311;7.757;-28.992;-1.392;-2.914;-39.351;;
1877;23279.782;0.4223;0.6558;3.65;9.77;1920;2309;0.67;0.333;1.000;470;2026-04-21T00:49:54.239+02:00;-2.778;10.092;-26.542;-1.392;-2.914;-39.351;;
1878;23289.745;0.4928;0.6362;3.65;9.35;1920;2224;1.00;1.000;1.000;470;2026-04-21T00:49:54.248+02:00;-2.778;10.092;-26.542;-1.385;-2.863;-39.231;;
1879;23299.715;0.5003;0.6435;3.56;9.35;1838;2224;0.67;0.333;1.000;470;2026-04-21T00:49:54.259+02:00;-2.778;10.092;-26.542;-1.385;-2.863;-39.231;;
1880;23309.712;0.5471;0.6287;3.56;9.62;1838;2271;1.00;1.000;1.000;470;2026-04-21T00:49:54.269+02:00;-2.778;10.092;-26.542;-1.390;-2.949;-39.355;;
1881;23319.687;0.5502;0.6344;3.69;9.62;1920;2271;0.67;0.333;1.000;471;2026-04-21T00:49:54.278+02:00;-2.778;10.092;-26.542;-1.390;-2.949;-39.355;;
1882;23329.728;0.5766;0.6261;3.69;9.62;1920;2271;1.00;1.000;1.000;471;2026-04-21T00:49:54.288+02:00;-2.778;10.092;-26.542;-1.390;-2.949;-39.355;;
1883;23339.716;0.5177;0.6469;5.30;9.62;1802;2271;0.67;0.333;1.000;471;2026-04-21T00:49:54.299+02:00;2.317;7.683;-29.097;-1.390;-2.949;-39.355;;
1884;23349.753;0.4506;0.6386;5.30;9.89;1802;2317;1.00;1.000;1.000;471;2026-04-21T00:49:54.307+02:00;2.317;7.683;-29.097;-1.486;-3.038;-39.470;;
1885;23359.726;0.4902;0.6531;3.78;9.89;2001;2317;0.67;0.333;1.000;472;2026-04-21T00:49:54.319+02:00;-2.920;10.114;-26.529;-1.486;-3.038;-39.470;;FEx0.460y0.622d0.249
1886;23369.753;0.6236;0.6199;3.78;10.62;2001;2443;1.00;1.000;1.000;472;2026-04-21T00:49:54.328+02:00;-2.920;10.114;-26.529;-1.613;-3.195;-39.655;;S
1887;23379.703;0.6487;0.6180;3.61;10.62;1883;2443;0.67;0.333;1.000;472;2026-04-21T00:49:54.338+02:00;-2.899;10.023;-26.621;-1.613;-3.195;-39.655;;FB
1888;23389.818;0.6722;0.6116;3.61;10.64;1883;2491;1.00;1.000;1.000;472;2026-04-21T00:49:54.349+02:00;-2.899;10.023;-26.621;-1.556;-3.105;-39.415;;
1889;23399.821;0.6547;0.6223;3.63;10.64;1920;2491;0.67;0.333;1.000;473;2026-04-21T00:49:54.359+02:00;-2.880;10.057;-26.528;-1.556;-3.105;-39.415;;
1890;23409.860;0.6718;0.6121;3.63;10.57;1920;2450;1.00;1.000;1.000;473;2026-04-21T00:49:54.368+02:00;-2.880;10.057;-26.528;-1.548;-3.181;-39.527;;
1891;23419.774;0.6072;0.6285;6.27;10.57;2083;2450;0.67;0.333;1.000;473;2026-04-21T00:49:54.378+02:00;2.242;7.975;-28.649;-1.548;-3.181;-39.527;;
1892;23429.757;0.5273;0.6190;6.27;9.36;2083;2187;1.00;1.000;1.000;473;2026-04-21T00:49:54.388+02:00;2.242;7.975;-28.649;-1.519;-3.146;-39.458;;
1893;23439.734;0.4769;0.6316;6.18;9.36;2042;2187;0.67;0.333;1.000;474;2026-04-21T00:49:54.400+02:00;2.226;7.803;-28.896;-1.519;-3.146;-39.458;;
1894;23449.723;0.4403;0.6320;6.18;9.30;2042;2187;1.00;1.000;1.000;474;2026-04-21T00:49:54.408+02:00;2.226;7.803;-28.896;-1.474;-3.073;-39.358;;
1895;23459.770;0.4115;0.6445;6.10;9.30;2040;2187;0.67;0.333;1.000;474;2026-04-21T00:49:54.418+02:00;2.242;7.975;-28.649;-1.474;-3.073;-39.358;;
1896;23469.761;0.3747;0.6272;6.10;7.94;2040;1857;1.00;1.000;1.000;474;2026-04-21T00:49:54.428+02:00;2.242;7.975;-28.649;-1.477;-3.149;-39.445;;
1897;23479.756;0.3462;0.6420;5.54;7.94;1843;1857;0.67;0.333;1.000;475;2026-04-21T00:49:54.439+02:00;2.226;7.803;-28.896;-1.477;-3.149;-39.445;;